// Name: Selim Ahmad
// User Name: mixselim
// Title : Uva Problems Solved By Me.
********************************************************
100 ,113 	,136 	,272 	,299 	,382 	,386 	,412 	,445 	,458 	
483 	,488 	,494 	,541 	,567 	,583 	,591 	,673 	,713 	,900 	
1124 	,10018 	,10035 ,10038 	,10041 	,10055 	,10066 	,10071 	
10079 	,10082 ,10110 	,10219 	,10235 	,10252 	,10260 	,10300 	
,10302 	,10327 	,10346 ,10347 	,10370 	,10405 ,10424 	,10450 
10499 	,10530 	,10579 ,10633 	,10696 	,10783 	,10812 	,10921 	
10924 	,10929 	,10931 	,10945 	,10970 	,11000 	,11044 	,11150 
11172 	,11185 ,11192 	,11219 	,11332 	,11371 	,11388 	,11417 	
11455 	,11461 ,11462 	,11479 	,11494 	,11530 	,11541 	,11547 	
11586 	,11636 	,11713 	,11715 	11723 	11727 	11743 	11764 	
11777 	11799 	11805 	11854 	11875 	11877 	11879 	11936 	
11942 	11946 	11984 	12149 	12250 	12289 	12372 	12403 	
12459 	12461 	12468 	12502 	12503 	12577 	12578 	12626
